This file is created using RaceChrono v6.2.1 ( http://www.racechrono.com/ ).
Format,2,"Format 1 = static columns","Format 2 = new format with dynamic columns; only channel header string is fixed, number of columns and channels' column numbers are variable."
Session title,"46, Trzebnicka, Cerekwica, Województwo dolnośląskie, PL"
Session type,Lap timing
Track name,"46, Trzebnicka, Cerekwica, Województwo dolnośląskie, PL"
Driver name,
Export scope,Session start
Created,06/04/2020,16:02
Note,

Time (s),Session fragment #,Lap #,Trap name,X-position (m),Y-position (m),Distance (m),Speed (m/s),Altitude (m),Bearing (deg),Lateral acceleration (m/s2),Longitudinal acceleration (m/s2),Device update rate (Hz),Elapsed time (s),Lean angle (deg),Combined acceleration (m/s2),Latitude (deg),Longitude (deg),Satellites (sats),Fix type,Accuracy (m)
1586188940.232,0,1,New trap,-0.000,-0.000,6.660,0.147,235.667,0.000,,,,0.891,,,51.3132193,17.1183149,19,1,16.111
1586188940.343,0,1,,0.167,0.815,7.492,0.150,234.000,0.000,0.000,0.028,1.0,1.002,0.000,0.031,51.3132267,17.1183173,20,1,15.000
1586188941.000,0,1,,1.140,2.057,9.069,0.090,234.000,0.000,0.000,-0.090,1.2,1.659,0.000,0.090,51.3132378,17.1183313,20,1,15.000
1586188942.000,0,1,,1.082,2.205,9.228,0.000,233.000,0.000,0.000,-0.090,1.2,2.659,0.000,0.090,51.3132392,17.1183305,20,1,18.000
1586188943.000,0,1,,1.372,2.224,9.519,0.000,234.000,0.000,0.000,0.000,1.0,3.659,0.000,0.000,51.3132393,17.1183347,24,1,18.000
1586188944.000,0,1,,1.453,2.224,9.600,0.000,234.000,0.000,0.000,0.000,1.0,4.659,0.000,0.000,51.3132393,17.1183358,24,1,18.000
1586188945.000,0,1,,1.453,2.224,9.600,0.000,234.000,0.000,0.000,0.000,1.0,5.659,0.000,0.000,51.3132393,17.1183358,24,1,11.000
1586188946.000,0,1,,1.453,2.224,9.600,0.000,234.000,0.000,0.000,0.000,1.0,6.659,0.000,0.000,51.3132393,17.1183358,24,1,9.000
1586188947.000,0,1,,1.453,2.224,9.600,0.000,234.000,0.000,0.000,0.000,1.0,7.659,0.000,0.000,51.3132393,17.1183358,24,1,8.000
1586188948.000,0,1,,1.453,2.224,9.600,0.000,234.000,0.000,0.000,0.000,1.0,8.659,0.000,0.000,51.3132393,17.1183358,24,1,7.000
1586188949.000,0,1,,1.453,2.224,9.600,0.000,234.000,0.000,0.000,0.000,1.0,9.659,0.000,0.000,51.3132393,17.1183358,24,1,6.000
1586188950.000,0,1,,1.453,2.224,9.600,0.000,234.000,0.000,0.000,0.000,1.0,10.659,0.000,0.000,51.3132393,17.1183358,23,1,6.000
1586188951.000,0,1,,1.453,2.224,9.600,0.000,234.000,0.000,0.000,0.000,1.0,11.659,0.000,0.000,51.3132393,17.1183358,24,1,5.000
1586188952.000,0,1,,1.453,2.224,9.600,0.000,234.000,0.000,0.000,0.000,1.0,12.659,0.000,0.000,51.3132393,17.1183358,23,1,5.000
1586188953.000,0,1,,1.453,2.224,9.600,0.000,234.000,0.000,0.000,0.000,1.0,13.659,0.000,0.000,51.3132393,17.1183358,24,1,6.000
1586188954.000,0,1,,1.453,2.224,9.600,0.000,234.000,0.000,0.000,0.000,1.0,14.659,0.000,0.000,51.3132393,17.1183358,24,1,7.000
1586188955.000,0,1,,1.453,2.224,9.600,0.000,234.000,0.000,0.000,0.000,1.0,15.659,0.000,0.000,51.3132393,17.1183358,24,1,6.000
1586188956.000,0,1,,1.453,2.224,9.600,0.000,234.000,0.000,0.000,0.000,1.0,16.659,0.000,0.000,51.3132393,17.1183358,23,1,6.000
1586188957.000,0,1,,1.453,2.224,9.600,0.000,234.000,0.000,0.000,0.000,1.0,17.659,0.000,0.000,51.3132393,17.1183358,22,1,7.000
1586188958.000,0,1,,1.453,2.224,9.600,0.000,234.000,0.000,0.000,0.000,1.0,18.659,0.000,0.000,51.3132393,17.1183358,23,1,7.000
1586188959.000,0,1,,1.453,2.224,9.600,0.000,234.000,0.000,0.000,0.000,1.0,19.659,0.000,0.000,51.3132393,17.1183358,21,1,8.000
1586188960.000,0,1,,1.453,2.224,9.600,0.000,234.000,0.000,0.000,0.000,1.0,20.659,0.000,0.000,51.3132393,17.1183358,23,1,8.000
1586188961.000,0,1,,1.453,2.224,9.600,0.000,234.000,0.000,0.000,0.000,1.0,21.659,0.000,0.000,51.3132393,17.1183358,23,1,8.000
1586188962.000,0,1,,1.453,2.224,9.600,0.000,234.000,0.000,0.000,0.000,1.0,22.659,0.000,0.000,51.3132393,17.1183358,24,1,8.000
1586188963.000,0,1,,1.453,2.224,9.600,0.000,234.000,0.000,0.000,0.000,1.0,23.659,0.000,0.000,51.3132393,17.1183358,22,1,8.000
1586188964.000,0,1,,1.453,2.224,9.600,0.000,234.000,0.000,0.000,0.000,1.0,24.659,0.000,0.000,51.3132393,17.1183358,24,1,8.000
1586188965.000,0,1,,1.453,2.224,9.600,0.000,234.000,0.000,0.000,0.000,1.0,25.659,0.000,0.000,51.3132393,17.1183358,24,1,7.000
1586188966.000,0,1,,1.453,2.224,9.600,0.000,234.000,0.000,0.000,0.000,1.0,26.659,0.000,0.000,51.3132393,17.1183358,24,1,7.000
1586188967.000,0,1,,1.453,2.224,9.600,0.000,234.000,0.000,0.000,0.000,1.0,27.659,0.000,0.000,51.3132393,17.1183358,24,1,8.000
1586188968.000,0,1,,1.453,2.224,9.600,0.000,234.000,0.000,0.000,0.000,1.0,28.659,0.000,0.000,51.3132393,17.1183358,24,1,7.000
1586188969.000,0,1,,1.453,2.224,9.600,0.000,234.000,0.000,0.000,0.000,1.0,29.659,0.000,0.000,51.3132393,17.1183358,24,1,7.000
1586188970.000,0,1,,1.453,2.224,9.600,0.000,234.000,0.000,0.000,0.000,1.0,30.659,0.000,0.000,51.3132393,17.1183358,23,1,6.000
1586188971.000,0,1,,1.453,2.224,9.600,0.000,234.000,0.000,0.000,0.000,1.0,31.659,0.000,0.000,51.3132393,17.1183358,24,1,6.000
1586188972.000,0,1,,1.453,2.224,9.600,0.000,234.000,0.000,0.000,0.000,1.0,32.659,0.000,0.000,51.3132393,17.1183358,24,1,6.000
1586188973.000,0,1,,1.453,2.224,9.600,0.000,234.000,0.000,0.000,0.000,1.0,33.659,0.000,0.000,51.3132393,17.1183358,23,1,6.000
1586188974.000,0,1,,1.453,2.224,9.600,0.000,234.000,0.000,0.000,0.000,1.0,34.659,0.000,0.000,51.3132393,17.1183358,22,1,6.000
1586188975.000,0,1,,1.453,2.224,9.600,0.000,234.000,0.000,0.000,0.000,1.0,35.659,0.000,0.000,51.3132393,17.1183358,22,1,6.000
1586188976.000,0,1,,1.453,2.224,9.600,0.000,234.000,0.000,0.000,0.000,1.0,36.659,0.000,0.000,51.3132393,17.1183358,23,1,6.000
1586188977.000,0,1,,1.453,2.224,9.600,0.000,234.000,0.000,0.000,0.000,1.0,37.659,0.000,0.000,51.3132393,17.1183358,24,1,6.000
1586188978.000,0,1,,1.453,2.224,9.600,0.000,234.000,0.000,0.000,0.000,1.0,38.659,0.000,0.000,51.3132393,17.1183358,22,1,5.000
1586188979.000,0,1,,1.453,2.224,9.600,0.000,234.000,0.000,0.000,0.000,1.0,39.659,0.000,0.000,51.3132393,17.1183358,24,1,5.000
1586188980.000,0,1,,1.453,2.224,9.600,0.000,234.000,0.000,0.000,0.000,1.0,40.659,0.000,0.000,51.3132393,17.1183358,24,1,5.000
1586188981.000,0,1,,1.453,2.224,9.600,0.000,234.000,0.000,0.000,0.000,1.0,41.659,0.000,0.000,51.3132393,17.1183358,24,1,4.000
1586188982.000,0,1,,1.453,2.224,9.600,0.000,234.000,0.000,0.000,0.000,1.0,42.659,0.000,0.000,51.3132393,17.1183358,24,1,5.000
1586188983.000,0,1,,1.453,2.224,9.600,0.000,234.000,0.000,0.000,0.000,1.0,43.659,0.000,0.000,51.3132393,17.1183358,24,1,5.000
1586188984.000,0,1,,1.453,2.224,9.600,0.000,234.000,0.000,0.000,0.000,1.0,44.659,0.000,0.000,51.3132393,17.1183358,23,1,5.000
1586188985.000,0,1,,1.453,2.224,9.600,0.000,234.000,0.000,0.000,0.000,1.0,45.659,0.000,0.000,51.3132393,17.1183358,24,1,6.000
1586188986.000,0,1,,1.453,2.224,9.600,0.000,234.000,0.000,0.000,0.000,1.0,46.659,0.000,0.000,51.3132393,17.1183358,22,1,5.000
1586188987.000,0,1,,1.453,2.224,9.600,0.000,234.000,0.000,0.000,0.000,1.0,47.659,0.000,0.000,51.3132393,17.1183358,24,1,5.000
1586188988.000,0,1,,1.453,2.224,9.600,0.000,234.000,0.000,0.000,0.000,1.0,48.659,0.000,0.000,51.3132393,17.1183358,22,1,5.000
1586188989.000,0,1,,1.453,2.224,9.600,0.000,234.000,0.000,0.000,0.000,1.0,49.659,0.000,0.000,51.3132393,17.1183358,23,1,5.000
1586188990.000,0,1,,1.453,2.224,9.600,0.000,234.000,0.000,0.000,0.000,1.0,50.659,0.000,0.000,51.3132393,17.1183358,24,1,4.000
1586188991.000,0,1,,1.453,2.224,9.600,0.000,234.000,0.000,0.000,0.000,1.0,51.659,0.000,0.000,51.3132393,17.1183358,24,1,5.000
1586188992.000,0,1,,1.453,2.224,9.600,0.000,234.000,0.000,0.000,0.000,1.0,52.659,0.000,0.000,51.3132393,17.1183358,24,1,5.000
1586188993.000,0,1,,1.453,2.224,9.600,0.000,234.000,0.000,0.000,0.000,1.0,53.659,0.000,0.000,51.3132393,17.1183358,24,1,5.000
1586188994.000,0,1,,1.453,2.224,9.600,0.000,234.000,0.000,0.000,0.000,1.0,54.659,0.000,0.000,51.3132393,17.1183358,20,1,5.000
1586188995.000,0,1,,1.453,2.224,9.600,0.000,234.000,0.000,0.000,0.000,1.0,55.659,0.000,0.000,51.3132393,17.1183358,23,1,5.000
1586188996.000,0,1,,1.917,2.409,10.099,0.600,234.000,67.400,-0.666,0.600,1.0,56.659,3.884,0.896,51.3132410,17.1183425,23,1,5.000
1586188997.000,0,1,,2.947,2.354,11.131,1.170,234.000,70.100,-0.055,0.570,1.0,57.659,0.322,0.573,51.3132405,17.1183573,23,1,5.000
1586188998.000,0,1,,4.546,2.928,12.830,1.260,234.000,67.600,0.055,0.090,1.0,58.659,-0.321,0.105,51.3132457,17.1183803,24,1,4.000
1586188999.000,0,1,,5.820,3.391,14.186,0.980,233.000,64.100,0.060,-0.280,1.0,59.659,-0.350,0.286,51.3132498,17.1183987,24,1,5.000
1586189000.000,0,1,,6.330,3.688,14.775,0.210,233.000,62.200,0.007,-0.770,1.0,60.659,-0.041,0.770,51.3132525,17.1184060,24,1,6.000
1586189001.000,0,1,,6.318,3.651,14.814,0.000,233.000,0.000,0.000,-0.210,1.0,61.659,0.000,0.210,51.3132522,17.1184058,24,1,6.000
1586189002.000,0,1,,6.678,3.781,15.196,0.560,233.000,52.000,-0.491,0.560,1.0,62.659,2.866,0.745,51.3132533,17.1184110,23,1,6.000
1586189003.000,0,1,,7.512,4.874,16.571,1.980,233.000,32.100,0.684,1.420,1.0,63.659,-3.991,1.576,51.3132632,17.1184230,24,1,5.000
1586189004.000,0,1,,7.778,6.709,18.425,2.210,233.000,9.500,0.866,0.230,1.0,64.659,-5.047,0.896,51.3132797,17.1184268,23,1,5.000
1586189005.000,0,1,,6.921,8.970,20.843,2.650,233.000,330.400,1.774,0.440,1.0,65.659,-10.251,1.827,51.3133000,17.1184145,24,1,5.000
1586189006.000,0,1,,3.770,10.860,24.518,4.020,233.000,292.200,2.631,1.370,1.0,66.659,-15.017,2.966,51.3133170,17.1183692,24,1,5.000
1586189007.000,0,1,,-1.640,11.249,29.941,5.180,233.000,268.800,2.101,1.160,1.0,67.659,-12.092,2.400,51.3133205,17.1182913,24,1,4.000
1586189008.000,0,1,,-7.351,10.545,35.696,5.640,233.000,260.800,0.787,0.460,1.0,68.659,-4.587,0.911,51.3133142,17.1182092,24,1,5.000
1586189009.000,0,1,,-13.212,9.062,41.742,6.350,234.000,256.200,0.510,0.710,1.0,69.659,-2.975,0.874,51.3133008,17.1181248,24,1,5.000
1586189010.000,0,1,,-20.429,7.654,49.095,7.420,233.000,258.900,-0.350,1.070,1.0,70.659,2.042,1.126,51.3132882,17.1180210,22,1,4.000
1586189011.000,0,1,,-30.113,6.449,58.853,9.860,233.000,264.200,-0.912,2.440,1.0,71.659,5.312,2.605,51.3132773,17.1178817,24,1,4.000
1586189012.000,0,1,,-41.778,5.652,70.546,11.880,233.000,267.300,-0.643,2.020,1.0,72.659,3.750,2.120,51.3132702,17.1177138,24,1,4.000
1586189013.000,0,1,,-55.853,5.096,84.631,14.020,233.000,269.300,-0.489,2.140,1.0,73.659,2.857,2.195,51.3132652,17.1175113,23,1,4.000
1586189014.000,0,1,,-71.920,4.355,100.715,15.930,234.000,271.900,-0.723,1.910,1.0,74.659,4.215,2.042,51.3132585,17.1172802,23,1,4.000
1586189015.000,0,1,,-89.747,5.634,118.589,17.670,235.000,275.100,-0.987,1.740,1.0,75.659,5.746,2.000,51.3132700,17.1170237,23,1,4.000
1586189016.000,0,1,,-108.270,7.839,137.242,18.780,235.000,277.400,-0.754,1.110,1.0,76.659,4.396,1.342,51.3132898,17.1167572,24,1,3.000
1586189017.000,0,1,,-128.125,10.749,157.309,19.810,237.000,278.700,-0.449,1.030,1.0,77.659,2.624,1.124,51.3133160,17.1164715,24,1,4.000
1586189018.000,0,1,,-147.818,14.214,177.304,19.980,237.000,278.900,-0.070,0.170,1.0,78.659,0.407,0.184,51.3133472,17.1161882,23,1,4.000
1586189019.000,0,1,,-167.603,17.458,197.354,19.930,238.000,278.800,0.035,-0.050,1.0,79.659,-0.203,0.061,51.3133763,17.1159035,22,1,4.000
1586189020.000,0,1,,-188.014,20.886,218.051,20.050,239.000,278.400,0.140,0.120,1.0,80.659,-0.818,0.184,51.3134072,17.1156098,24,1,3.000
1586189021.000,0,1,,-207.730,23.981,238.008,19.870,240.000,279.100,-0.243,-0.180,1.0,81.659,1.418,0.302,51.3134350,17.1153262,24,1,4.000
1586189022.000,0,1,,-228.106,27.576,258.699,19.930,241.000,280.700,-0.557,0.060,1.0,82.659,3.248,0.560,51.3134673,17.1150330,24,1,3.000
1586189023.000,0,1,,-247.636,32.784,278.912,20.110,241.000,286.000,-1.860,0.180,1.0,83.659,10.737,1.868,51.3135142,17.1147520,24,1,3.000
1586189024.000,0,1,,-266.749,41.049,299.736,21.490,241.000,294.600,-3.223,1.380,1.0,84.659,18.191,3.506,51.3135885,17.1144770,24,1,4.000
1586189025.000,0,1,,-285.596,53.262,322.194,23.630,241.000,303.300,-3.585,2.140,1.0,85.659,20.079,4.175,51.3136983,17.1142058,23,1,5.000
1586189026.000,0,1,,-303.342,69.886,346.510,24.280,242.000,312.800,-4.021,0.650,1.0,86.659,22.296,4.073,51.3138478,17.1139505,23,1,5.000
1586189027.000,0,1,,-319.211,86.843,369.735,23.520,243.000,316.100,-1.354,-0.760,1.0,87.659,7.864,1.553,51.3140003,17.1137222,24,1,5.000
1586189028.000,0,1,,-335.556,103.560,393.114,22.910,243.000,315.000,0.440,-0.610,1.0,88.659,-2.568,0.752,51.3141507,17.1134870,24,1,6.000
1586189029.000,0,1,,-352.398,117.774,415.153,21.800,242.000,309.700,2.016,-1.110,1.0,89.659,-11.616,2.301,51.3142785,17.1132447,24,1,6.000
1586189030.000,0,1,,-370.457,127.763,435.791,21.140,241.000,299.500,3.758,-0.660,1.0,90.659,-20.970,3.816,51.3143683,17.1129848,24,1,6.000
1586189031.000,0,1,,-390.775,134.546,457.211,21.050,240.000,287.100,4.547,-0.090,1.0,91.659,-24.874,4.548,51.3144293,17.1126925,24,1,5.000
1586189032.000,0,1,,-412.147,136.899,478.712,21.250,238.000,275.300,4.369,0.200,1.0,92.659,-24.012,4.373,51.3144505,17.1123850,23,1,5.000
1586189033.000,0,1,,-432.801,135.658,499.403,20.810,238.000,266.800,3.084,-0.440,1.0,93.659,-17.459,3.116,51.3144393,17.1120878,23,1,5.000
1586189034.000,0,1,,-452.968,132.507,519.814,20.060,236.000,260.500,2.205,-0.750,1.0,94.659,-12.670,2.329,51.3144110,17.1117977,23,1,5.000
1586189035.000,0,1,,-472.279,127.800,539.690,19.740,235.000,257.300,1.102,-0.320,1.0,95.659,-6.414,1.148,51.3143687,17.1115198,24,1,4.000
1586189036.000,0,1,,-491.114,121.740,559.476,19.730,234.000,252.800,1.549,-0.010,1.0,96.659,-8.977,1.549,51.3143142,17.1112488,23,1,5.000
1586189037.000,0,1,,-508.490,113.345,578.773,19.510,233.000,244.200,2.926,-0.220,1.0,97.659,-16.612,2.934,51.3142387,17.1109988,24,1,5.000
1586189038.000,0,1,,-523.677,102.577,597.389,18.510,233.000,232.500,3.773,-1.000,1.0,98.659,-21.045,3.904,51.3141418,17.1107803,22,1,6.000
1586189039.000,0,1,,-535.447,89.568,614.933,17.490,232.000,219.700,3.899,-1.020,1.0,99.659,-21.683,4.030,51.3140248,17.1106110,23,1,7.000
1586189040.000,0,1,,-541.750,74.482,631.281,16.700,231.000,201.800,5.196,-0.790,1.0,100.659,-27.917,5.256,51.3138892,17.1105203,23,1,7.000
1586189041.000,0,1,,-543.106,56.061,649.752,18.220,230.000,185.600,5.134,1.520,1.0,101.659,-27.635,5.355,51.3137235,17.1105008,24,1,8.000
1586189042.000,0,1,,-541.184,36.231,669.675,18.440,230.000,176.300,2.990,0.220,1.0,102.659,-16.955,2.998,51.3135452,17.1105285,22,1,7.000
1586189043.000,0,1,,-539.169,18.792,687.230,16.910,228.000,175.600,0.207,-1.530,1.0,103.659,-1.207,1.544,51.3133883,17.1105575,24,1,6.000
1586189044.000,0,1,,-538.603,2.817,703.215,15.820,227.000,178.600,-0.828,-1.090,1.0,104.659,4.828,1.369,51.3132447,17.1105657,24,1,6.000
1586189045.000,0,1,,-540.051,-11.546,717.651,14.430,225.000,184.000,-1.359,-1.390,1.0,105.659,7.893,1.944,51.3131155,17.1105448,24,1,6.000
1586189046.000,0,1,,-544.385,-23.777,730.627,13.820,225.000,203.900,-4.776,-0.610,1.0,106.659,25.966,4.815,51.3130055,17.1104825,23,1,7.000
1586189047.000,0,1,,-553.513,-34.285,744.546,14.330,224.000,222.400,-4.607,0.510,1.0,107.659,25.163,4.635,51.3129110,17.1103512,20,1,9.000
1586189048.000,0,1,,-566.696,-42.310,759.979,15.660,224.000,240.500,-4.927,1.330,1.0,108.659,26.673,5.103,51.3128388,17.1101615,22,1,10.000
1586189049.000,0,1,,-583.864,-45.831,777.504,16.590,224.000,255.700,-4.388,0.930,1.0,109.659,24.107,4.486,51.3128072,17.1099145,19,1,12.000
1586189050.000,0,1,,-603.070,-44.515,796.755,17.530,224.000,271.100,-4.698,0.940,1.0,110.659,25.595,4.791,51.3128190,17.1096382,21,1,15.000
1586189051.000,0,1,,-622.867,-39.178,817.259,18.730,224.000,283.300,-3.981,1.200,1.0,111.659,22.093,4.158,51.3128670,17.1093533,18,1,18.000
1586189052.000,0,1,,-648.131,-26.409,845.568,23.030,223.000,291.400,-3.253,4.300,1.0,112.659,18.352,5.392,51.3129818,17.1089898,18,1,16.000
1586189053.000,0,1,,-676.940,-16.531,876.023,24.640,222.000,286.600,2.064,1.610,1.0,113.659,-11.883,2.617,51.3130707,17.1085753,20,1,13.000
1586189054.000,0,1,,-704.752,-10.100,904.570,25.320,219.000,280.600,2.650,0.680,1.0,114.659,-15.123,2.736,51.3131285,17.1081752,22,1,12.000
1586189055.000,0,1,,-731.986,-3.669,932.553,24.860,218.000,277.200,1.475,-0.460,1.0,115.659,-8.554,1.545,51.3131863,17.1077833,21,1,10.000
1586189056.000,0,1,,-757.274,-2.279,957.879,24.010,216.000,270.900,2.639,-0.850,1.0,116.659,-15.060,2.772,51.3131988,17.1074195,21,1,8.000
1586189057.000,0,1,,-780.592,-4.207,981.277,23.400,214.000,265.500,2.205,-0.610,1.0,117.659,-12.670,2.287,51.3131815,17.1070840,20,1,7.000
1586189058.000,0,1,,-803.679,-7.265,1004.566,23.100,213.000,260.200,2.136,-0.300,1.0,118.659,-12.288,2.157,51.3131540,17.1067518,20,1,7.000
1586189059.000,0,1,,-826.083,-12.899,1027.667,22.940,212.000,255.400,1.921,-0.160,1.0,119.659,-11.085,1.928,51.3131033,17.1064295,19,1,8.000
1586189060.000,0,1,,-848.174,-19.811,1050.814,23.210,211.000,253.000,0.972,0.270,1.0,120.659,-5.661,1.009,51.3130412,17.1061117,20,1,7.000
